1130, 5136-SB-0678, 5136-SB-0680, 5136-SB-0679, 1, 2
1130, 5136-SB-0679, 0, 0, 2, 1
1130, 5136-SB-0680, 0, 0, 1, 2
1225, 5136-SB-0663, 5136-SB-0665, 5136-SB-0664, 1, 2
1225, 5136-SB-0664, 0, 0, 2, 1
1225, 5136-SB-0665, 0, 0, 1, 1
1225, 5136-SB-0666, 5136-SB-0665, 5136-SB-0664, 1, 2
1269, 5136-SB-0655, 0, 0, 1, 2
1269, 5136-SB-0656, 0, 0, 2, 1
1269, 5136-SB-1301, 0, 0, 1, 1
1269, 5136-SB-0658, 0, 0, 1, 2
2044, 5136-SB-0681, 0, 0, 2, 2
2044, 5136-SB-0682, 0, 0, 1, 1
2044, 5136-SB-0684, 0, 0, 2, 2
2044, 5136-SB-0685, 0, 0, 2, 2
2044, 5136-SB-0686, 0, 0, 1, 1
2044, 5136-SB-0687, 5136-SB-0686, 5136-SB-0685, 2, 2
2044, 5136-SB-0688, 0, 0, 2, 2
2044, 5136-SB-1274, 0, 0, 1, 1
2044, 5136-SB-1275, 0, 0, 2, 1
6014, 5136-SB-0617, 0, 0, 2, 2
8013, 5136-SB-1126, 5136-SB-0006, 5136-SB-1127, 1, 2
8013, 5136-SB-1127, 0, 0, 2, 1
8013, 5136-SB-0006, 0, 0, 1, 1
8048, 5136-SB-1128, 0, 0, 1, 2
8049, 5136-SB-0013, 5136-SB-0015, 5136-SB-1129, 1, 2
8049, 5136-SB-1129, 0, 0, 2, 1
8049, 5136-SB-0015, 0, 0, 1, 1
8051, 5136-SB-1130, 5136-SB-1131, 5136-SB-0017, 1, 2
8051, 5136-SB-0017, 0, 0, 2, 1
8051, 5136-SB-1131, 0, 0, 1, 1
8057, 5136-SB-0022, 0, 0, 1, 2
8059, 5136-SB-1133, 5136-SB-1134, 5136-SB-0026, 1, 2
8059, 5136-SB-0026, 0, 0, 2, 1
8059, 5136-SB-1134, 0, 0, 1, 1
8061, 5136-SB-0028, 5136-SB-0030, 5136-SB-1135, 1, 2
8061, 5136-SB-1135, 0, 0, 2, 1
8061, 5136-SB-0030, 0, 0, 1, 1
8066, 5136-SB-0037, 5136-SB-0039, 5136-SB-0038, 1, 2
8066, 5136-SB-0038, 0, 0, 2, 1
8066, 5136-SB-0039, 0, 0, 1, 1
8072, 5136-SB-0040, 5136-SB-0042, 5136-SB-1138, 1, 2
8072, 5136-SB-1138, 0, 0, 2, 1
8072, 5136-SB-0042, 0, 0, 1, 1
8081, 5136-SB-1139, 0, 0, 1, 2
8081, 5136-SB-0047, 0, 0, 2, 1
8081, 5136-SB-1325, 0, 0, 1, 1
8090, 5136-SB-0049, 5136-SB-0051, 5136-SB-0050, 2, 2
8090, 5136-SB-0050, 0, 0, 2, 1
8090, 5136-SB-0051, 0, 0, 1, 1
8093, 5136-SB-0052, 5136-SB-0054, 5136-SB-0053, 1, 2
8093, 5136-SB-0053, 0, 0, 2, 1
8093, 5136-SB-0054, 0, 0, 1, 1
8100, 5136-SB-0055, 5136-SB-0057, 5136-SB-0056, 1, 2
8100, 5136-SB-0056, 0, 0, 2, 1
8100, 5136-SB-0057, 0, 0, 1, 1
8141, 5136-SB-0064, 5136-SB-0066, 5136-SB-0065, 1, 2
8141, 5136-SB-0065, 0, 0, 2, 1
8141, 5136-SB-0066, 0, 0, 1, 1
8146, 5136-SB-1142, 5136-SB-1143, 5136-SB-0068, 1, 2
8146, 5136-SB-0068, 0, 0, 2, 1
8146, 5136-SB-1143, 0, 0, 1, 1
8185, 5136-SB-0076, 0, 0, 1, 2
8185, 5136-SB-1145, 0, 0, 1, 1
8192, 5136-SB-0079, 0, 0, 1, 2
8192, 5136-SB-0081, 0, 0, 1, 1
8193, 5136-SB-0082, 0, 0, 1, 2
8209, 5136-SB-1146, 0, 0, 1, 2
8209, 5136-SB-1147, 0, 0, 2, 1
8222, 5136-SB-0034, 0, 0, 1, 2
8222, 5136-SB-0035, 0, 0, 2, 1
8240, 5136-SB-1287, 5136-SB-0105, 5136-SB-1287, ?, 2
8240, 5136-SB-0104, 0, 0, 2, 1
8240, 5136-SB-0105, 0, 0, 1, 1
8258, 5136-SB-0109, 5136-SB-0111, 5136-SB-0110, 1, 2
8258, 5136-SB-0110, 0, 0, 2, 1
8258, 5136-SB-0111, 0, 0, 1, 1
8269, 5136-SB-0112, 5136-SB-0114, 5136-SB-0113, 2, 2
8269, 5136-SB-0113, 0, 0, 2, 1
8269, 5136-SB-0114, 0, 0, 1, 1
8270, 5136-SB-1330, 5136-SB-0117, 5136-SB-0116, ?, 2
8270, 5136-SB-0116, 0, 0, 2, 1
8270, 5136-SB-0117, 0, 0, 1, 1
8282, 5136-SB-1289, 0, 0, ?, 2
8282, 5136-SB-1290, 0, 0, 2, 1
8282, 5136-SB-0120, 0, 0, 1, 1
8287, 5136-SB-0121, 5136-SB-0123, 5136-SB-0122, 1, 2
8287, 5136-SB-0122, 0, 0, 2, 1
8287, 5136-SB-0123, 0, 0, 1, 1
8288, 5136-SB-0124, 5136-SB-0126, 5136-SB-1291, 1, 2
8288, 5136-SB-1291, 0, 0, 2, 1
8288, 5136-SB-0126, 0, 0, 1, 1
8289, 5136-SB-0127, 0, 0, 1, 2
8289, 5136-SB-0129, 0, 0, 1, 1
8291, 5136-SB-1292, 0, 0, ?, 2
8291, 5136-SB-1293, 0, 0, 2, 1
8291, 5136-SB-0132, 0, 0, 1, 1
8294, 5136-SB-0133, 5136-SB-0135, 5136-SB-0134, 1, 2
8294, 5136-SB-0134, 0, 0, 2, 1
8294, 5136-SB-0135, 0, 0, 1, 1
8297, 5136-SB-0136, 5136-SB-0138, 5136-SB-0137, 1, 2
8297, 5136-SB-0137, 0, 0, 2, 1
8297, 5136-SB-0138, 0, 0, 1, 1
8305, 5136-SB-0139, 0, 0, 1, 2
8305, 5136-SB-0140, 0, 0, 2, 1
8305, 5136-SB-1294, 0, 0, 1, 1
8310, 5136-SB-1149, 0, 0, 1, 2
8310, 5136-SB-1296, 0, 0, 1, 1
8314, 5136-SB-0145, 5136-SB-0147, 5136-SB-0146, 2, 2
8314, 5136-SB-0146, 0, 0, 2, 1
8314, 5136-SB-0147, 0, 0, 1, 1
8323, 5136-SB-0148, 5136-SB-0150, 5136-SB-0149, 1, 2
8323, 5136-SB-0149, 0, 0, 2, 1
8323, 5136-SB-0150, 0, 0, 1, 1
8330, 5136-SB-1324, 0, 0, ?, 2
11004, 5136-SB-0621, 5136-SB-0156, 5136-SB-0155, 1, 2
11004, 5136-SB-0622, 5136-SB-0156, 5136-SB-0155, 1, 2
11004, 5136-SB-0155, 0, 0, 2, 1
11004, 5136-SB-0156, 0, 0, 1, 1
11007, 5136-SB-0157, 5136-SB-0159, 5136-SB-0158, 1, 2
11007, 5136-SB-0158, 0, 0, 2, 1
11007, 5136-SB-0159, 0, 0, 1, 1
13009, 5136-SB-1037, 5136-SB-1039, 5136-SB-1038, 1, 2
13009, 5136-SB-1038, 0, 0, 2, 1
13009, 5136-SB-1039, 0, 0, 1, 1
13012, 5136-SB-0190, 5136-SB-0192, 5136-SB-0191, 1, 2
13012, 5136-SB-0191, 0, 0, 2, 1
13012, 5136-SB-0192, 0, 0, 1, 1
13014, 5136-SB-1161, 5136-SB-0288, 5136-SB-0287, 1, 2
13014, 5136-SB-0287, 0, 0, 2, 1
13014, 5136-SB-0288, 0, 0, 1, 1
13047, 5136-SB-1100, 5136-SB-1102, 5136-SB-1101, 2, 2
13047, 5136-SB-1101, 0, 0, 2, 1
13047, 5136-SB-1102, 0, 0, 1, 1
14016, 5136-SB-0202, 0, 0, 1, 2
14016, 5136-SB-0204, 0, 0, 1, 1
14018, 5136-SB-1153, 5136-SB-0207, 5136-SB-0206, 1, 2
14018, 5136-SB-0206, 0, 0, 2, 1
14018, 5136-SB-0207, 0, 0, 1, 1
14020, 5136-SB-1331, 0, 0, nan, 2
14020, 5136-SB-1298, 0, 0, 2, 1
14020, 5136-SB-1154, 0, 0, 1, 1
14021, 5136-SB-1158, 5136-SB-0282, 5136-SB-0281, 1, 2
14021, 5136-SB-0281, 0, 0, 2, 1
14021, 5136-SB-0282, 0, 0, 1, 1
14022, 5136-SB-0211, 5136-SB-0213, 5136-SB-0212, 1, 2
14022, 5136-SB-0212, 0, 0, 2, 1
14022, 5136-SB-0213, 0, 0, 1, 1
14023, 5136-SB-0214, 5136-SB-0216, 5136-SB-0215, 1, 2
14023, 5136-SB-0215, 0, 0, 2, 1
14023, 5136-SB-0216, 0, 0, 1, 1
14026, 5136-SB-0223, 5136-SB-0225, 5136-SB-0224, 1, 2
14026, 5136-SB-0224, 0, 0, 2, 1
14026, 5136-SB-0225, 0, 0, 1, 1
14027, 5136-SB-1155, 5136-SB-0228, 5136-SB-0227, 1, 2
14027, 5136-SB-0227, 0, 0, 2, 1
14027, 5136-SB-0228, 0, 0, 1, 1
14029, 5136-SB-0232, 5136-SB-0234, 5136-SB-0233, 1, 2
14029, 5136-SB-0233, 0, 0, 2, 1
14029, 5136-SB-0234, 0, 0, 1, 1
14030, 5136-SB-0235, 5136-SB-0237, 5136-SB-0236, 1, 2
14030, 5136-SB-0236, 0, 0, 2, 1
14030, 5136-SB-0237, 0, 0, 1, 1
14031, 5136-SB-0238, 5136-SB-0240, 5136-SB-0239, 1, 2
14031, 5136-SB-0239, 0, 0, 2, 1
14031, 5136-SB-0240, 0, 0, 1, 1
14033, 5136-SB-0244, 5136-SB-0246, 5136-SB-0245, 1, 2
14033, 5136-SB-0245, 0, 0, 2, 1
14033, 5136-SB-0246, 0, 0, 1, 1
14034, 5136-SB-0247, 5136-SB-0249, 5136-SB-0248, 1, 2
14034, 5136-SB-0248, 0, 0, 2, 1
14034, 5136-SB-0249, 0, 0, 1, 1
14035, 5136-SB-0250, 0, 0, 1, 2
14035, 5136-SB-0251, 0, 0, 2, 1
14037, 5136-SB-0256, 5136-SB-0258, 5136-SB-0257, 1, 2
14037, 5136-SB-0257, 0, 0, 2, 1
14037, 5136-SB-0258, 0, 0, 1, 1
14050, 5136-SB-0259, 5136-SB-0261, 5136-SB-0260, 1, 2
14050, 5136-SB-0260, 0, 0, 2, 1
14050, 5136-SB-0261, 0, 0, 1, 1
14052, 5136-SB-1278, 5136-SB-1156, 5136-SB-0263, ?, 2
14052, 5136-SB-0263, 0, 0, 2, 1
14052, 5136-SB-1156, 0, 0, 1, 1
14056, 5136-SB-1279, 5136-SB-0267, 5136-SB-0266, ?, 2
14056, 5136-SB-0266, 0, 0, 2, 1
14056, 5136-SB-0267, 0, 0, 1, 1
14060, 5136-SB-1157, 5136-SB-0273, 5136-SB-0272, 2, 2
14060, 5136-SB-0272, 0, 0, 2, 1
14060, 5136-SB-0273, 0, 0, 1, 1
14071, 5136-SB-0268, 5136-SB-1281, 5136-SB-1280, 1, 2
14071, 5136-SB-1280, 0, 0, 2, 1
14071, 5136-SB-1281, 0, 0, 1, 1
14088, 5136-SB-1136, 5136-SB-1137, 5136-SB-0032, 0, 2
14088, 5136-SB-0032, 0, 0, 2, 1
14088, 5136-SB-1137, 0, 0, 1, 1
14091, 5136-SB-0277, 0, 0, 1, 2
14091, 5136-SB-0279, 0, 0, 1, 1
14099, 5136-SB-0589, 5136-SB-0591, 5136-SB-0590, 2, 2
14099, 5136-SB-0590, 0, 0, 2, 1
14099, 5136-SB-0591, 0, 0, 1, 1
14107, 5136-SB-1282, 0, 0, ?, 2
14107, 5136-SB-1283, 0, 0, 2, 1
14107, 5136-SB-1333, 0, 0, 1, 1
14118, 5136-SB-0283, 5136-SB-1160, 5136-SB-1159, 1, 2
14118, 5136-SB-1159, 0, 0, 2, 1
14118, 5136-SB-1160, 0, 0, 1, 1
14121, 5136-SB-0595, 5136-SB-0597, 5136-SB-0596, 1, 2
14121, 5136-SB-0596, 0, 0, 2, 1
14121, 5136-SB-0597, 0, 0, 1, 1
14127, 5136-SB-1334, 5136-SB-0600, 5136-SB-0599, ?, 2
14127, 5136-SB-0599, 0, 0, 2, 1
14127, 5136-SB-0600, 0, 0, 1, 1
14151, 5136-SB-1150, 5136-SB-1151, 5136-SB-0164, 1, 2
14151, 5136-SB-0164, 0, 0, 2, 1
14151, 5136-SB-1151, 0, 0, 1, 1
14307, 5136-SB-1286, 5136-SB-0594, 5136-SB-0593, ?, 2
14307, 5136-SB-0593, 0, 0, 2, 1
14307, 5136-SB-0594, 0, 0, 1, 1
15000, 5136-SB-0166, 0, 0, 1, 2
15000, 5136-SB-0168, 0, 0, 1, 1
15001, 5136-SB-0169, 5136-SB-1152, 5136-SB-0170, 1, 2
15001, 5136-SB-0170, 0, 0, 2, 1
15001, 5136-SB-1152, 0, 0, 1, 1
15003, 5136-SB-0175, 5136-SB-0177, 5136-SB-0176, 2, 2
15003, 5136-SB-0176, 0, 0, 2, 1
15003, 5136-SB-0177, 0, 0, 1, 1
15004, 5136-SB-0178, 5136-SB-0180, 5136-SB-0179, 1, 2
15004, 5136-SB-0179, 0, 0, 2, 1
15004, 5136-SB-0180, 0, 0, 1, 1
